124 2 255 
125 2 255 
125 3 255 
125 4 255 
125 5 255 
125 6 255 
125 7 255 
125 8 255 
125 9 255 
125 10 255 
125 11 255 
125 12 255 
125 13 255 
125 14 255 
125 15 255 
125 16 255 
125 17 255 
125 18 255 
126 18 255 
126 19 255 
126 20 255 
126 21 255 
126 22 255 
126 23 255 
126 24 255 
127 24 255 
127 25 255 
127 26 255 
128 26 255 
128 27 255 
128 28 255 
128 29 255 
128 30 255 
129 30 255 
129 31 255 
129 32 255 
129 33 255 
129 34 255 
129 35 255 
130 35 255 
130 36 255 
130 37 255 
130 38 255 
131 38 255 
131 39 255 
132 40 255 
132 41 255 
132 42 255 
132 43 255 
133 43 255 
133 44 255 
133 45 255 
133 46 255 
134 47 255 
134 48 255 
134 49 255 
134 50 255 
135 50 255 
135 51 255 
136 51 255 
136 52 255 
136 53 255 
136 54 255 
137 54 255 
137 55 255 
137 56 255 
138 56 255 
138 57 255 
138 58 255 
138 59 255 
139 59 255 
139 60 255 
139 61 255 
140 61 255 
140 62 255 
140 63 255 
140 64 255 
141 64 255 
141 65 255 
141 66 255 
142 66 255 
142 67 255 
142 68 255 
143 68 255 
143 69 255 
143 70 255 
144 70 255 
145 71 255 
145 72 255 
146 72 255 
146 73 255 
146 74 255 
147 74 255 
147 75 255 
148 75 255 
149 75 255 
149 76 255 
150 76 255 
150 77 255 
150 78 255 
151 78 255 
151 79 255 
152 79 255 
152 80 255 
153 80 255 
153 81 255 
154 81 255 
154 82 255 
154 83 255 
155 83 255 
155 84 255 
156 84 255 
156 85 255 
157 85 255 
157 86 255 
158 86 255 
158 87 255 
159 87 255 
159 88 255 
160 88 255 
160 89 255 
161 89 255 
161 90 255 
162 90 255 
162 91 255 
163 91 255 
163 92 255 
164 92 255 
165 92 255 
165 93 255 
166 93 255 
166 94 255 
167 94 255 
167 95 255 
168 95 255 
169 95 255 
169 96 255 
170 96 255 
170 97 255 
171 97 255 
171 98 255 
172 98 255 
172 99 255 
173 99 255 
174 99 255 
174 100 255 
175 100 255 
175 101 255 
176 101 255 
177 101 255 
178 102 255 
178 103 255 
179 103 255 
180 103 255 
180 104 255 
181 104 255 
182 104 255 
182 105 255 
183 105 255 
183 106 255 
184 106 255 
184 107 255 
185 107 255 
186 107 255 
186 108 255 
187 108 255 
188 108 255 
188 109 255 
189 109 255 
190 109 255 
190 110 255 
191 110 255 
192 110 255 
192 111 255 
193 111 255 
194 111 255 
194 112 255 
195 112 255 
196 112 255 
196 113 255 
197 113 255 
198 113 255 
199 113 255 
199 114 255 
200 114 255 
201 114 255 
202 114 255 
202 115 255 
203 115 255 
204 116 255 
205 116 255 
206 116 255 
207 116 255 
207 117 255 
208 117 255 
209 117 255 
210 117 255 
211 117 255 
211 118 255 
212 118 255 
213 118 255 
214 118 255 
215 118 255 
215 119 255 
216 119 255 
216 120 255 
217 120 255 
218 120 255 
219 120 255 
220 120 255 
220 121 255 
221 121 255 
222 121 255 
223 121 255 
224 121 255 
224 122 255 
225 122 255 
226 122 255 
227 122 255 
228 122 255 
229 122 255 
230 122 255 
231 122 255 
232 122 255 
233 122 255 
234 122 255 
235 122 255 
236 122 255 
237 122 255 
238 122 255 
239 122 255 
240 122 255 
241 122 255 
242 122 255 
243 122 255 
244 122 255 
245 122 255 
246 122 255 
247 122 255 
248 122 255 
249 122 255 
250 122 255 
125 2 210 
125 3 210 
125 4 210 
126 4 210 
126 5 210 
126 6 210 
126 7 210 
126 8 210 
127 8 210 
127 9 210 
128 9 210 
128 10 210 
128 11 210 
128 12 210 
129 13 210 
129 14 210 
129 15 210 
130 15 210 
130 16 210 
130 17 210 
130 18 210 
131 18 210 
131 19 210 
131 20 210 
132 20 210 
132 21 210 
132 22 210 
132 23 210 
133 23 210 
133 24 210 
133 25 210 
133 26 210 
134 27 210 
134 28 210 
134 29 210 
135 30 210 
136 31 210 
136 32 210 
136 33 210 
136 34 210 
137 34 210 
137 35 210 
138 36 210 
138 37 210 
138 38 210 
139 38 210 
139 39 210 
140 39 210 
140 40 210 
140 41 210 
141 41 210 
141 42 210 
142 42 210 
142 43 210 
142 44 210 
143 44 210 
143 45 210 
144 46 210 
145 46 210 
145 47 210 
146 48 210 
146 49 210 
147 49 210 
147 50 210 
148 50 210 
148 51 210 
149 51 210 
149 52 210 
150 52 210 
150 53 210 
151 54 210 
152 54 210 
152 55 210 
153 55 210 
153 56 210 
154 56 210 
155 56 210 
155 57 210 
155 58 210 
156 58 210 
157 58 210 
157 59 210 
158 59 210 
158 60 210 
159 60 210 
160 60 210 
160 61 210 
161 61 210 
161 62 210 
162 62 210 
163 62 210 
163 63 210 
164 63 210 
165 63 210 
165 64 210 
166 64 210 
167 64 210 
167 65 210 
167 66 210 
168 66 210 
169 66 210 
170 66 210 
170 67 210 
171 67 210 
171 68 210 
172 68 210 
173 68 210 
174 68 210 
174 69 210 
175 69 210 
175 70 210 
176 70 210 
176 71 210 
177 71 210 
178 71 210 
178 72 210 
179 72 210 
180 72 210 
180 73 210 
181 73 210 
182 74 210 
183 74 210 
183 75 210 
184 75 210 
185 75 210 
186 75 210 
186 76 210 
187 76 210 
188 76 210 
188 77 210 
189 77 210 
190 77 210 
191 77 210 
191 78 210 
192 78 210 
193 78 210 
193 79 210 
194 79 210 
195 79 210 
196 80 210 
197 80 210 
198 80 210 
199 80 210 
199 81 210 
200 81 210 
201 81 210 
202 81 210 
202 82 210 
203 82 210 
203 83 210 
204 83 210 
205 83 210 
206 83 210 
206 84 210 
207 84 210 
208 84 210 
209 84 210 
210 84 210 
210 85 210 
211 85 210 
212 85 210 
213 85 210 
214 85 210 
215 85 210 
215 86 210 
216 86 210 
217 86 210 
217 87 210 
218 87 210 
219 87 210 
220 87 210 
221 87 210 
221 88 210 
222 88 210 
223 88 210 
224 88 210 
225 88 210 
226 88 210 
227 88 210 
228 88 210 
228 89 210 
229 89 210 
230 89 210 
231 89 210 
232 89 210 
233 89 210 
234 89 210 
235 89 210 
236 89 210 
237 89 210 
238 89 210 
239 89 210 
240 89 210 
241 89 210 
242 89 210 
243 89 210 
244 89 210 
245 89 210 
246 89 210 
247 89 210 
248 89 210 
142 2 210 
143 2 210 
144 2 210 
144 1 210 
145 1 210 
146 1 210 
147 1 210 
148 1 210 
149 1 210 
150 1 210 
151 1 210 
152 1 210 
153 1 210 
154 1 210 
155 1 210 
156 1 210 
157 1 210 
158 1 210 
159 1 210 
160 1 210 
161 1 210 
249 1 210 
250 1 210 
250 2 210 
251 2 210 
251 3 210 
252 3 210 
252 4 210 
253 4 210 
253 5 210 
254 5 210 
254 6 210 
254 7 210 
254 8 210 
254 9 210 
254 10 210 
254 11 210 
254 12 210 
254 13 210 
254 14 210 
254 15 210 
254 78 210 
254 79 210 
253 79 210 
253 80 210 
253 81 210 
253 82 210 
252 82 210 
252 83 210 
252 84 210 
252 85 210 
251 85 210 
251 86 210 
251 87 210 
251 88 210 
250 88 210 
250 89 210 
249 89 210 
249 90 210 
248 90 210 
248 91 210 
247 91 210 
247 92 210 
247 93 210 
246 93 210 
245 93 210 
245 94 210 
244 94 210 
244 95 210 
243 95 210 
242 95 210 
241 95 210 
241 96 210 
240 96 210 
240 97 210 
239 97 210 
238 97 210 
237 97 210 
237 98 210 
236 98 210 
235 98 210 
235 99 210 
234 99 210 
233 99 210 
232 99 210 
231 99 210 
230 99 210 
229 99 210 
228 99 210 
228 100 210 
227 100 210 
226 100 210 
225 100 210 
224 100 210 
223 100 210 
222 101 210 
221 101 210 
220 101 210 
219 101 210 
218 101 210 
217 101 210 
216 101 210 
215 101 210 
214 101 210 
213 101 210 
212 101 210 
211 101 210 
210 101 210 
209 101 210 
208 101 210 
207 101 210 
206 101 210 
205 101 210 
204 101 210 
203 101 210 
203 100 210 
202 100 210 
201 100 210 
201 99 210 
200 99 210 
199 99 210 
199 98 210 
198 98 210 
197 98 210 
196 97 210 
195 97 210 
195 96 210 
194 96 210 
194 95 210 
193 95 210 
192 95 210 
191 94 210 
190 94 210 
190 93 210 
189 93 210 
189 92 210 
188 92 210 
187 91 210 
186 91 210 
186 90 210 
185 90 210 
185 89 210 
184 89 210 
183 89 210 
182 88 210 
182 87 210 
181 87 210 
180 86 210 
179 86 210 
179 85 210 
178 85 210 
177 85 210 
177 84 210 
176 84 210 
175 83 210 
174 83 210 
174 82 210 
173 82 210 
173 81 210 
172 81 210 
171 81 210 
171 80 210 
170 80 210 
170 79 210 
169 79 210 
169 78 210 
168 78 210 
167 78 210 
167 77 210 
166 77 210 
165 77 210 
165 76 210 
164 76 210 
164 75 210 
163 75 210 
162 74 210 
161 74 210 
161 73 210 
160 73 210 
159 72 210 
158 72 210 
158 71 210 
157 71 210 
157 70 210 
156 70 210 
155 69 210 
154 69 210 
154 68 210 
153 68 210 
153 67 210 
152 67 210 
152 66 210 
151 66 210 
150 66 210 
150 65 210 
149 65 210 
149 64 210 
148 64 210 
148 63 210 
147 63 210 
146 63 210 
146 62 210 
145 62 210 
145 61 210 
144 61 210 
144 60 210 
144 59 210 
143 59 210 
142 59 210 
142 58 210 
141 58 210 
141 57 210 
141 56 210 
140 56 210 
140 55 210 
140 54 210 
139 54 210 
139 53 210 
138 53 210 
138 52 210 
137 52 210 
137 51 210 
137 50 210 
136 50 210 
136 49 210 
135 49 210 
135 48 210 
135 47 210 
134 47 210 
134 46 210 
133 46 210 
133 45 210 
133 44 210 
132 44 210 
132 43 210 
132 42 210 
132 41 210 
131 41 210 
131 40 210 
131 39 210 
130 39 210 
130 38 210 
130 37 210 
129 37 210 
129 36 210 
129 35 210 
129 34 210 
128 34 210 
128 33 210 
128 32 210 
128 31 210 
128 30 210 
127 30 210 
127 29 210 
127 28 210 
127 27 210 
126 27 210 
126 26 210 
126 25 210 
125 25 210 
125 24 210 
125 23 210 
124 23 210 
124 22 210 
124 21 210 
124 20 210 
124 19 210 
123 19 210 
123 18 210 
123 17 210 
122 17 210 
122 16 210 
121 16 210 
121 15 210 
121 14 210 
121 13 210 
120 13 210 
120 12 210 
119 12 210 
119 11 210 
119 10 210 
119 9 210 
118 9 210 
118 8 210 
117 8 210 
117 7 210 
117 6 210 
115 7 165 
115 8 165 
115 9 165 
115 10 165 
115 11 165 
115 12 165 
116 12 165 
116 13 165 
116 14 165 
116 15 165 
116 16 165 
117 16 165 
117 17 165 
117 18 165 
118 18 165 
118 19 165 
118 20 165 
118 21 165 
119 21 165 
119 22 165 
119 23 165 
120 23 165 
120 24 165 
120 25 165 
121 25 165 
122 25 165 
122 26 165 
122 27 165 
123 27 165 
123 28 165 
124 28 165 
124 29 165 
125 29 165 
125 30 165 
125 31 165 
126 31 165 
126 32 165 
127 32 165 
127 33 165 
128 33 165 
128 34 165 
129 34 165 
129 35 165 
130 35 165 
131 36 165 
131 37 165 
132 37 165 
132 38 165 
133 38 165 
133 39 165 
134 39 165 
134 40 165 
135 40 165 
135 41 165 
136 41 165 
136 42 165 
137 42 165 
138 43 165 
139 44 165 
140 44 165 
140 45 165 
141 45 165 
141 46 165 
142 47 165 
143 47 165 
143 48 165 
144 48 165 
145 49 165 
146 49 165 
146 50 165 
147 50 165 
147 51 165 
148 51 165 
149 52 165 
150 52 165 
150 53 165 
151 53 165 
152 53 165 
152 54 165 
153 55 165 
154 55 165 
154 56 165 
155 56 165 
156 56 165 
156 57 165 
157 57 165 
158 57 165 
158 58 165 
159 58 165 
160 58 165 
160 59 165 
161 59 165 
162 59 165 
162 60 165 
163 60 165 
164 60 165 
164 61 165 
165 61 165 
166 61 165 
166 62 165 
167 62 165 
168 62 165 
169 62 165 
169 63 165 
170 64 165 
171 64 165 
172 64 165 
173 65 165 
174 65 165 
175 65 165 
176 65 165 
176 66 165 
177 66 165 
178 66 165 
179 67 165 
180 67 165 
180 68 165 
181 68 165 
182 68 165 
183 68 165 
183 69 165 
184 69 165 
185 69 165 
186 69 165 
186 70 165 
187 70 165 
188 70 165 
189 70 165 
190 70 165 
190 71 165 
191 71 165 
192 71 165 
193 71 165 
193 72 165 
194 72 165 
195 72 165 
196 72 165 
197 72 165 
197 73 165 
198 73 165 
199 73 165 
200 73 165 
201 73 165 
202 73 165 
202 74 165 
203 74 165 
204 74 165 
205 74 165 
206 74 165 
207 74 165 
208 74 165 
209 74 165 
209 75 165 
210 75 165 
211 75 165 
212 75 165 
213 75 165 
214 75 165 
215 75 165 
216 75 165 
217 75 165 
218 75 165 
219 75 165 
220 75 165 
221 75 165 
222 75 165 
223 75 165 
224 75 165 
225 75 165 
226 75 165 
227 75 165 
228 75 165 
229 75 165 
230 75 165 
231 75 165 
232 75 165 
233 75 165 
234 75 165 
235 75 165 
236 75 165 
237 75 165 
238 75 165 
239 75 165 
240 75 165 
241 75 165 
242 75 165 
243 75 165 
244 75 165 
245 75 165 
246 75 165 
247 75 165 
248 75 165 
249 75 165 
250 75 165 
251 75 165 
252 75 165 
146 6 120 
147 6 120 
148 6 120 
148 7 120 
149 7 120 
149 8 120 
149 9 120 
150 9 120 
150 10 120 
151 10 120 
151 11 120 
152 11 120 
152 12 120 
152 13 120 
153 13 120 
153 14 120 
154 14 120 
154 15 120 
154 16 120 
155 16 120 
155 17 120 
156 17 120 
156 18 120 
156 19 120 
157 19 120 
157 20 120 
157 21 120 
158 21 120 
158 22 120 
159 22 120 
159 23 120 
160 23 120 
160 24 120 
161 24 120 
161 25 120 
162 26 120 
163 26 120 
163 27 120 
164 27 120 
164 28 120 
165 28 120 
165 29 120 
166 29 120 
166 30 120 
167 30 120 
167 31 120 
168 31 120 
168 32 120 
169 32 120 
169 33 120 
170 33 120 
170 34 120 
171 34 120 
171 35 120 
172 35 120 
173 35 120 
173 36 120 
174 36 120 
175 37 120 
175 38 120 
176 38 120 
177 38 120 
177 39 120 
178 39 120 
178 40 120 
179 40 120 
180 40 120 
180 41 120 
181 41 120 
181 42 120 
182 42 120 
183 42 120 
183 43 120 
184 43 120 
185 43 120 
185 44 120 
186 44 120 
187 44 120 
187 45 120 
188 45 120 
189 45 120 
189 46 120 
190 46 120 
191 46 120 
191 47 120 
192 47 120 
193 47 120 
194 47 120 
195 47 120 
195 48 120 
196 48 120 
197 48 120 
198 48 120 
198 49 120 
199 49 120 
200 49 120 
200 50 120 
201 50 120 
202 50 120 
203 50 120 
203 51 120 
204 51 120 
205 51 120 
206 51 120 
207 51 120 
207 52 120 
208 52 120 
209 52 120 
210 52 120 
211 52 120 
211 53 120 
212 53 120 
212 54 120 
213 54 120 
214 54 120 
215 54 120 
216 54 120 
217 54 120 
218 54 120 
218 55 120 
219 55 120 
220 55 120 
221 55 120 
222 55 120 
223 55 120 
224 55 120 
224 56 120 
225 56 120 
226 56 120 
227 56 120 
228 56 120 
229 56 120 
230 56 120 
231 56 120 
231 57 120 
232 57 120 
233 57 120 
234 57 120 
235 57 120 
236 57 120 
236 58 120 
237 58 120 
238 58 120 
239 58 120 
240 59 120 
241 59 120 
242 59 120 
243 59 120 
244 59 120 
245 59 120 
246 59 120 
247 59 120 
248 60 120 
249 60 120 
250 60 120 
251 60 120 
252 60 120 
127 5 90 
127 6 90 
127 7 90 
128 7 90 
128 8 90 
129 9 90 
129 10 90 
130 10 90 
130 11 90 
131 11 90 
132 12 90 
132 13 90 
133 13 90 
133 14 90 
134 14 90 
134 15 90 
135 15 90 
136 15 90 
136 16 90 
137 17 90 
138 17 90 
138 18 90 
139 18 90 
140 18 90 
140 19 90 
141 19 90 
142 19 90 
142 20 90 
143 20 90 
143 21 90 
144 21 90 
144 22 90 
145 22 90 
146 23 90 
147 23 90 
147 24 90 
148 24 90 
149 24 90 
149 25 90 
150 26 90 
151 26 90 
152 26 90 
152 27 90 
153 27 90 
154 28 90 
155 28 90 
156 28 90 
156 29 90 
157 29 90 
157 30 90 
158 30 90 
159 30 90 
160 30 90 
160 31 90 
161 31 90 
162 31 90 
163 31 90 
164 31 90 
165 31 90 
165 32 90 
166 32 90 
167 32 90 
168 32 90 
169 32 90 
170 32 90 
171 32 90 
171 33 90 
172 33 90 
173 33 90 
174 33 90 
175 33 90 
176 33 90 
177 33 90 
178 33 90 
179 33 90 
180 33 90 
181 33 90 
182 33 90 
183 33 90 
184 33 90 
185 33 90 
186 33 90 
187 33 90 
188 33 90 
189 33 90 
190 33 90 
191 33 90 
192 33 90 
193 33 90 
194 33 90 
195 33 90 
196 33 90 
197 33 90 
198 33 90 
198 34 90 
199 34 90 
200 34 90 
201 34 90 
202 34 90 
203 34 90 
204 34 90 
205 34 90 
206 34 90 
207 34 90 
208 34 90 
209 34 90 
210 34 90 
211 34 90 
212 34 90 
213 34 90 
214 34 90 
215 34 90 
215 35 90 
216 35 90 
217 35 90 
218 35 90 
219 35 90 
220 35 90 
221 35 90 
222 35 90 
223 35 90 
224 35 90 
225 35 90 
226 35 90 
227 35 90 
228 35 90 
229 35 90 
230 35 90 
231 35 90 
232 35 90 
232 36 90 
233 36 90 
234 36 90 
235 36 90 
236 36 90 
237 36 90 
238 36 90 
239 36 90 
240 36 90 
241 36 90 
242 36 90 
243 36 90 
244 36 90 
245 36 90 
246 36 90 
247 36 90 
246 36 90 
151 2 90 
152 2 90 
153 2 90 
154 2 90 
155 2 90 
156 2 90 
157 2 90 
157 3 90 
158 3 90 
159 3 90 
160 3 90 
160 4 90 
161 4 90 
162 4 90 
162 5 90 
163 5 90 
164 5 90 
165 5 90 
165 6 90 
166 6 90 
167 6 90 
168 6 90 
169 7 90 
170 7 90 
171 7 90 
171 8 90 
172 8 90 
173 8 90 
173 9 90 
174 9 90 
175 9 90 
176 9 90 
176 10 90 
177 10 90 
178 10 90 
179 10 90 
179 11 90 
180 11 90 
181 11 90 
182 11 90 
183 11 90 
184 12 90 
185 12 90 
185 13 90 
186 13 90 
187 13 90 
188 13 90 
189 13 90 
190 13 90 
190 14 90 
191 14 90 
192 14 90 
193 14 90 
194 14 90 
195 14 90 
196 14 90 
196 15 90 
197 15 90 
198 15 90 
199 15 90 
200 15 90 
201 15 90 
201 16 90 
202 16 90 
203 16 90 
203 17 90 
204 17 90 
205 17 90 
206 17 90 
207 17 90 
208 17 90 
209 17 90 
209 18 90 
210 18 90 
211 18 90 
212 18 90 
213 18 90 
214 18 90 
215 18 90 
216 18 90 
216 19 90 
217 19 90 
218 19 90 
219 19 90 
220 19 90 
221 19 90 
222 19 90 
222 20 90 
223 20 90 
224 20 90 
225 20 90 
226 20 90 
226 21 90 
227 21 90 
228 21 90 
229 21 90 
230 21 90 
231 21 90 
232 21 90 
233 22 90 
234 22 90 
235 22 90 
236 22 90 
237 22 90 
238 22 90 
239 22 90 
239 23 90 
240 23 90 
241 23 90 
242 23 90 
243 23 90 
244 23 90 
245 23 90 
246 23 90 
247 23 90 
247 24 90 
248 24 90 
249 24 90 
250 24 90 
251 24 90 
252 24 90 
253 24 90 
254 24 90 
242 1 0 
243 1 0 
244 1 0 
245 1 0 
246 1 0 
247 1 0 
248 1 0 
249 1 0 
250 1 0 
249 1 0 
248 1 0 
247 1 0 
246 1 0 
245 1 0 
244 1 0 
243 1 0 
242 1 0 
241 1 0 
240 1 0 
239 1 0 
238 1 0 
237 1 0 
238 1 0 
239 1 0 
240 1 0 
241 1 0 
242 1 0 
243 1 0 
244 1 0 
244 2 0 
245 2 0 
244 2 0 
243 2 0 
242 2 0 
241 2 0 
241 3 0 
242 3 0 
243 3 0 
244 3 0 
245 3 0 
246 3 0 
247 3 0 
248 3 0 
248 4 0 
247 4 0 
246 4 0 
247 4 0 
248 4 0 
249 4 0 
250 4 0 
250 5 0 
249 5 0 
248 5 0 
247 5 0 
246 5 0 
245 5 0 
244 5 0 
243 5 0 
242 5 0 
243 5 0 
244 5 0 
245 5 0 
246 5 0 
247 5 0 
249 6 0 
250 6 0 
251 6 0 
252 6 0 
253 6 0 
252 6 0 
251 6 0 
250 6 0 
249 6 0 
248 6 0 
247 6 0 
246 6 0 
246 5 0 
247 5 0 
248 5 0 
249 5 0 
249 4 0 
250 4 0 
250 3 0 
251 3 0 
252 3 0 
252 2 0 
253 2 0 
254 2 0 
254 1 0 
253 1 0 
252 1 0 
251 1 0 
252 1 0 
253 1 0 
254 1 0 
254 1 0 
254 2 0 
253 2 0 
254 2 0 
251 3 0 
251 4 0 
251 5 0 
250 5 0 
250 6 0 
249 6 0 
250 6 0 
251 6 0 
252 6 0 
253 6 0 